  0.000000  0.000000  0.000000 19.285929 19.285929  -0.000000 -227.817567  0.586726 
  0.002041  0.000000  -0.000000 19.152797 19.152797  -0.000000 -224.683161  0.592411 
  0.004082  0.000000  0.000000 19.028101 19.028101  0.000000 -221.767034  0.597702 
  0.006122  0.000000  0.000000 18.912315 18.912315  0.000000 -219.076334  0.602583 
  0.008163  0.000000  0.000000 18.805859 18.805859  0.000000 -216.616959  0.607044 
  0.010204  0.000000  -0.000000 18.709096 18.709096  0.000000 -214.393543  0.611077 
  0.012245  0.000000  -0.000000 18.622324 18.622324  0.000000 -212.409466  0.614677 
  0.014286  0.000000  0.000000 18.545779 18.545779  0.000000 -210.666880  0.617838 
  0.016327  0.000000  -0.000000 18.479631 18.479631  0.000000 -209.166772  0.620559 
  0.018367  0.000000  -0.000000 18.423987 18.423987  -0.000000 -207.909023  0.622841 
  0.020408  0.000000  -0.000000 18.378892 18.378892  0.000000 -206.892509  0.624685 
  0.022449  0.000000  0.000000 18.344334 18.344334  0.000000 -206.115195  0.626095 
  0.024490  0.000000  -0.000000 18.320246 18.320246  -0.000000 -205.574250  0.627076 
  0.026531  0.000000  -0.000000 18.306514 18.306514  -0.000000 -205.266167  0.627635 
  0.028571  0.000000  -0.000000 18.302978 18.302978  0.000000 -205.186888  0.627779 
  0.030612  0.000000  -0.000000 18.309445 18.309445  0.000000 -205.331921  0.627516 
  0.032653  0.000000  -0.000000 18.325692 18.325692  0.000000 -205.696472  0.626854 
  0.034694  0.000000  -0.000000 18.351469 18.351469  0.000000 -206.275553  0.625804 
  0.036735  0.000000  -0.000000 18.386512 18.386512  0.000000 -207.064097  0.624374 
  0.038776  0.000000  -0.000000 18.430545 18.430545  0.000000 -208.057058  0.622572 
  0.040816  0.000000  0.000000 18.483285 18.483285  0.000000 -209.249499  0.620409 
  0.042857  0.000000  0.000000 18.544449 18.544449  -0.000000 -210.636668  0.617893 
  0.044898  0.000000  0.000000 18.613757 18.613757  -0.000000 -212.214062  0.615031 
  0.046939  0.000000  -0.000000 18.690933 18.690933  0.000000 -213.977469  0.611832 
  0.048980  0.000000  0.000000 18.775712 18.775712  -0.000000 -215.923002  0.608303 
  0.051020  0.000000  0.000000 18.867837 18.867837  -0.000000 -218.047101  0.604450 
  0.053061  0.000000  -0.000000 18.967062 18.967062  0.000000 -220.346529  0.600278 
  0.055102  0.000000  -0.000000 19.073150 19.073150  -0.000000 -222.818341  0.595794 
  0.057143  0.000000  0.000000 19.185872 19.185872  0.000000 -225.459829  0.591003 
  0.059184  0.000000  0.000000 19.305004 19.305004  0.000000 -228.268451  0.585908 
  0.061224  0.000000  -0.000000 19.430325 19.430325  0.000000 -231.241742  0.580514 
  0.063265  0.000000  0.000000 19.561612 19.561612  0.000000 -234.377197  0.574826 
  0.065306  0.000000  0.000000 19.698633 19.698633  0.000000 -237.672148  0.568849 
  0.067347  0.000000  0.000000 19.841150 19.841150  0.000000 -241.123625  0.562588 
  0.069388  0.000000  0.000000 19.988904 19.988904  -0.000000 -244.728214  0.556049 
  0.071429  0.000000  0.000000 20.141617 20.141617  -0.000000 -248.481910  0.549239 
  0.073469  0.000000  0.000000 20.298989 20.298989  -0.000000 -252.379986  0.542168 
  0.075510  0.000000  -0.000000 20.460689 20.460689  0.000000 -256.416876  0.534845 
  0.077551  0.000000  -0.000000 20.626359 20.626359  0.000000 -260.586085  0.527281 
  0.079592  0.000000  0.000000 20.795609 20.795609  -0.000000 -264.880126  0.519492 
  0.081633  0.000000  0.000000 20.968022 20.968022  0.000000 -269.290503  0.511491 
  0.083673  0.000000  0.000000 21.143156 21.143156  -0.000000 -273.807737  0.503297 
  0.085714  0.000000  -0.000000 21.320544 21.320544  -0.000000 -278.421423  0.494927 
  0.087755  0.000000  -0.000000 21.499704 21.499704  0.000000 -283.120342  0.486403 
  0.089796  0.000000  -0.000000 21.680146 21.680146  0.000000 -287.892596  0.477746 
  0.091837  0.000000  0.000000 21.861373 21.861373  0.000000 -292.725779  0.468978 
  0.093878  0.000000  0.000000 22.042895 22.042895  0.000000 -297.607160  0.460123 
  0.095918  0.000000  0.000000 22.224233 22.224233  0.000000 -302.523876  0.451204 
  0.097959  0.000000  0.000000 22.404924 22.404924  0.000000 -307.463126  0.442244 
  0.100000  0.000000  0.000000 22.584530 22.584530  0.000000 -312.412350  0.433266