  0.000000  0.000000  0.000000 28.445541 28.445541  -0.000000 -495.603626  0.100946 
  0.002041  0.000000  0.000000 28.443841 28.443841  0.000000 -495.544422  0.101053 
  0.004082  0.000000  -0.000000 28.442259 28.442259  0.000000 -495.489294  0.101153 
  0.006122  0.000000  0.000000 28.440795 28.440795  0.000000 -495.438263  0.101246 
  0.008163  0.000000  -0.000000 28.439448 28.439448  0.000000 -495.391351  0.101331 
  0.010204  0.000000  -0.000000 28.438220 28.438220  0.000000 -495.348577  0.101408 
  0.012245  0.000000  0.000000 28.437112 28.437112  -0.000000 -495.309957  0.101479 
  0.014286  0.000000  0.000000 28.436123 28.436123  -0.000000 -495.275507  0.101541 
  0.016327  0.000000  -0.000000 28.435254 28.435254  0.000000 -495.245242  0.101596 
  0.018367  0.000000  0.000000 28.434505 28.434505  -0.000000 -495.219172  0.101643 
  0.020408  0.000000  0.000000 28.433878 28.433878  -0.000000 -495.197308  0.101683 
  0.022449  0.000000  0.000000 28.433371 28.433371  0.000000 -495.179657  0.101715 
  0.024490  0.000000  0.000000 28.432985 28.432985  -0.000000 -495.166228  0.101739 
  0.026531  0.000000  0.000000 28.432721 28.432721  -0.000000 -495.157023  0.101756 
  0.028571  0.000000  -0.000000 28.432578 28.432578  -0.000000 -495.152047  0.101765 
  0.030612  0.000000  -0.000000 28.432557 28.432557  -0.000000 -495.151299  0.101766 
  0.032653  0.000000  0.000000 28.432657 28.432657  0.000000 -495.154779  0.101760 
  0.034694  0.000000  0.000000 28.432878 28.432878  -0.000000 -495.162485  0.101746 
  0.036735  0.000000  -0.000000 28.433220 28.433220  0.000000 -495.174411  0.101724 
  0.038776  0.000000  0.000000 28.433684 28.433684  -0.000000 -495.190552  0.101695 
  0.040816  0.000000  0.000000 28.434268 28.434268  -0.000000 -495.210899  0.101658 
  0.042857  0.000000  -0.000000 28.434973 28.434973  -0.000000 -495.235443  0.101614 
  0.044898  0.000000  -0.000000 28.435797 28.435797  0.000000 -495.264172  0.101562 
  0.046939  0.000000  -0.000000 28.436742 28.436742  0.000000 -495.297072  0.101502 
  0.048980  0.000000  -0.000000 28.437805 28.437805  0.000000 -495.334128  0.101435 
  0.051020  0.000000  0.000000 28.438988 28.438988  -0.000000 -495.375323  0.101360 
  0.053061  0.000000  0.000000 28.440289 28.440289  0.000000 -495.420639  0.101278 
  0.055102  0.000000  -0.000000 28.441707 28.441707  0.000000 -495.470056  0.101188 
  0.057143  0.000000  0.000000 28.443242 28.443242  -0.000000 -495.523550  0.101091 
  0.059184  0.000000  -0.000000 28.444894 28.444894  -0.000000 -495.581100  0.100987 
  0.061224  0.000000  0.000000 28.446661 28.446661  0.000000 -495.642678  0.100875 
  0.063265  0.000000  -0.000000 28.448543 28.448543  -0.000000 -495.708259  0.100756 
  0.065306  0.000000  -0.000000 28.450539 28.450539  -0.000000 -495.777814  0.100630 
  0.067347  0.000000  0.000000 28.452648 28.452648  0.000000 -495.851313  0.100496 
  0.069388  0.000000  0.000000 28.454869 28.454869  -0.000000 -495.928725  0.100356 
  0.071429  0.000000  -0.000000 28.457201 28.457201  -0.000000 -496.010016  0.100209 
  0.073469  0.000000  0.000000 28.459643 28.459643  0.000000 -496.095152  0.100054 
  0.075510  0.000000  0.000000 28.462194 28.462194  0.000000 -496.184097  0.099893 
  0.077551  0.000000  0.000000 28.464853 28.464853  0.000000 -496.276814  0.099725 
  0.079592  0.000000  -0.000000 28.467619 28.467619  0.000000 -496.373265  0.099550 
  0.081633  0.000000  -0.000000 28.470491 28.470491  0.000000 -496.473409  0.099368 
  0.083673  0.000000  0.000000 28.473466 28.473466  -0.000000 -496.577205  0.099180 
  0.085714  0.000000  0.000000 28.476546 28.476546  -0.000000 -496.684612  0.098985 
  0.087755  0.000000  0.000000 28.479727 28.479727  0.000000 -496.795585  0.098784 
  0.089796  0.000000  -0.000000 28.483008 28.483008  -0.000000 -496.910079  0.098576 
  0.091837  0.000000  0.000000 28.486389 28.486389  -0.000000 -497.028050  0.098362 
  0.093878  0.000000  -0.000000 28.489868 28.489868  0.000000 -497.149450  0.098142 
  0.095918  0.000000  -0.000000 28.493443 28.493443  -0.000000 -497.274230  0.097915 
  0.097959  0.000000  -0.000000 28.497113 28.497113  -0.000000 -497.402343  0.097683 
  0.100000  0.000000  0.000000 28.500877 28.500877  -0.000000 -497.533738  0.097444 

