  0.000000  0.000000  -0.000000 13.084943 13.084943  -0.000000 -104.869629  0.809760 
  0.002041  0.000000  0.000000 11.943504 11.943504  0.000000 -87.371463  0.841503 
  0.004082  0.000000  -0.000000 10.994102 10.994102  -0.000000 -74.033039  0.865700 
  0.006122  0.000000  0.000000 10.317201 10.317201  -0.000000 -65.197343  0.881728 
  0.008163  0.000000  -0.000000  9.953463  9.953463  0.000000 -60.681245  0.889921 
  0.010204  0.000000  -0.000000  9.888271  9.888271  -0.000000 -59.888967  0.891358 
  0.012245  0.000000  0.000000 10.060430 10.060430  -0.000000 -61.992500  0.887542 
  0.014286  0.000000  0.000000 10.388696 10.388696  0.000000 -66.104060  0.880083 
  0.016327  0.000000  -0.000000 10.798140 10.798140  -0.000000 -71.417391  0.870445 
  0.018367  0.000000  -0.000000 11.234036 11.234036  -0.000000 -77.299686  0.859774 
  0.020408  0.000000  0.000000 11.663272 11.663272  0.000000 -83.319543  0.848853 
  0.022449  0.000000  -0.000000 12.069403 12.069403  -0.000000 -89.223175  0.838144 
  0.024490  0.000000  0.000000 12.446671 12.446671  -0.000000 -94.888273  0.827867 
  0.026531  0.000000  -0.000000 12.795363 12.795363  0.000000 -100.279300  0.818087 
  0.028571  0.000000  -0.000000 13.118847 13.118847  -0.000000 -105.413783  0.808773 
  0.030612  0.000000  0.000000 13.421801 13.421801  0.000000 -110.338653  0.799839 
  0.032653  0.000000  0.000000 13.708954 13.708954  -0.000000 -115.110451  0.791183 
  0.034694  0.000000  0.000000 13.983749 13.983749  0.000000 -119.771465  0.782728 
  0.036735  0.000000  0.000000 14.246809 14.246809  -0.000000 -124.320088  0.774476 
  0.038776  0.000000  0.000000 14.495430 14.495430  0.000000 -128.696970  0.766536 
  0.040816  0.000000  -0.000000 14.726005 14.726005  0.000000 -132.823817  0.759050 
  0.042857  0.000000  0.000000 14.937089 14.937089  0.000000 -136.658929  0.752093 
  0.044898  0.000000  0.000000 15.129613 15.129613  0.000000 -140.204427  0.745661 
  0.046939  0.000000  -0.000000 15.305748 15.305748  0.000000 -143.487875  0.739705 
  0.048980  0.000000  0.000000 15.468099 15.468099  0.000000 -146.548037  0.734153 
  0.051020  0.000000  0.000000 15.619328 15.619328  0.000000 -149.427591  0.728930 
  0.053061  0.000000  0.000000 15.761980 15.761980  0.000000 -152.169517  0.723956 
  0.055102  0.000000  0.000000 15.898409 15.898409  -0.000000 -154.815130  0.719156 
  0.057143  0.000000  -0.000000 16.030728 16.030728  0.000000 -157.402839  0.714462 
  0.059184  0.000000  -0.000000 16.160787 16.160787  0.000000 -159.967258  0.709810 
  0.061224  0.000000  -0.000000 16.290149 16.290149  -0.000000 -162.538490  0.705146 
  0.063265  0.000000  -0.000000 16.420071 16.420071  -0.000000 -165.141464  0.700424 
  0.065306  0.000000  -0.000000 16.551477 16.551477  0.000000 -167.795235  0.695610 
  0.067347  0.000000  -0.000000 16.684941 16.684941  0.000000 -170.512185  0.690681 
  0.069388  0.000000  -0.000000 16.820648 16.820648  -0.000000 -173.297196  0.685629 
  0.071429  0.000000  0.000000 16.958409 16.958409  -0.000000 -176.147436  0.680458 
  0.073469  0.000000  -0.000000 17.097841 17.097841  -0.000000 -179.055903  0.675182 
  0.075510  0.000000  0.000000 17.239354 17.239354  -0.000000 -182.032134  0.669783 
  0.077551  0.000000  0.000000 17.388459 17.388459  -0.000000 -185.194575  0.664046 
  0.079592  0.000000  -0.000000 17.572666 17.572666  0.000000 -189.139134  0.656890 
  0.081633  0.000000  -0.000000 17.894974 17.894974  0.000000 -196.140937  0.644189 
  0.083673  0.000000  0.000000 18.595077 18.595077  0.000000 -211.788336  0.615803 
  0.085714  0.000000  -0.000000 19.756426 19.756426  0.000000 -239.068771  0.566315 
  0.087755  0.000000  0.000000 20.966185 20.966185  0.000000 -269.243311  0.511577 
  0.089796  0.000000  0.000000 21.969040 21.969040  0.000000 -295.616226  0.463735 
  0.091837  0.000000  -0.000000 22.787886 22.787886  0.000000 -318.063743  0.423014 
  0.093878  0.000000  -0.000000 23.472505 23.472505  -0.000000 -337.462083  0.387824 
  0.095918  0.000000  0.000000 24.054399 24.054399  -0.000000 -354.401154  0.357095 
  0.097959  0.000000  -0.000000 24.554535 24.554535  -0.000000 -369.291690  0.330083 
  0.100000  0.000000  0.000000 24.988310 24.988310  -0.000000 -382.454587  0.306205 

