  0.000000  0.000000  0.000000 24.957157 24.957157  0.000000 -381.501552  0.307934 
  0.002041  0.000000  0.000000 24.920763 24.920763  0.000000 -380.389705  0.309951 
  0.004082  0.000000  0.000000 24.888515 24.888515  -0.000000 -379.405876  0.311735 
  0.006122  0.000000  -0.000000 24.860446 24.860446  0.000000 -378.550587  0.313287 
  0.008163  0.000000  -0.000000 24.836556 24.836556  0.000000 -377.823375  0.314606 
  0.010204  0.000000  -0.000000 24.816809 24.816809  0.000000 -377.222825  0.315696 
  0.012245  0.000000  0.000000 24.801140 24.801140  -0.000000 -376.746629  0.316559 
  0.014286  0.000000  -0.000000 24.789453 24.789453  0.000000 -376.391654  0.317203 
  0.016327  0.000000  0.000000 24.781627 24.781627  0.000000 -376.154043  0.317634 
  0.018367  0.000000  -0.000000 24.777518 24.777518  -0.000000 -376.029313  0.317861 
  0.020408  0.000000  -0.000000 24.776964 24.776964  0.000000 -376.012480  0.317891 
  0.022449  0.000000  0.000000 24.779787 24.779787  0.000000 -376.098179  0.317736 
  0.024490  0.000000  0.000000 24.785802 24.785802  -0.000000 -376.280788  0.317404 
  0.026531  0.000000  -0.000000 24.794817 24.794817  0.000000 -376.554562  0.316908 
  0.028571  0.000000  -0.000000 24.806640 24.806640  0.000000 -376.913742  0.316256 
  0.030612  0.000000  0.000000 24.821080 24.821080  0.000000 -377.352680  0.315460 
  0.032653  0.000000  -0.000000 24.837954 24.837954  -0.000000 -377.865931  0.314529 
  0.034694  0.000000  0.000000 24.857089 24.857089  -0.000000 -378.448351  0.313472 
  0.036735  0.000000  0.000000 24.878322 24.878322  0.000000 -379.095170  0.312299 
  0.038776  0.000000  0.000000 24.901506 24.901506  -0.000000 -379.802055  0.311017 
  0.040816  0.000000  0.000000 24.926509 24.926509  0.000000 -380.565155  0.309632 
  0.042857  0.000000  0.000000 24.953218 24.953218  -0.000000 -381.381137  0.308152 
  0.044898  0.000000  -0.000000 24.981534 24.981534  0.000000 -382.247203  0.306581 
  0.046939  0.000000  -0.000000 25.011380 25.011380  0.000000 -383.161089  0.304923 
  0.048980  0.000000  0.000000 25.042692 25.042692  0.000000 -384.121064  0.303182 
  0.051020  0.000000  0.000000 25.075426 25.075426  -0.000000 -385.125903  0.301359 
  0.053061  0.000000  0.000000 25.109551 25.109551  0.000000 -386.174854  0.299456 
  0.055102  0.000000  0.000000 25.145052 25.145052  0.000000 -387.267603  0.297474 
  0.057143  0.000000  0.000000 25.181925 25.181925  -0.000000 -388.404217  0.295412 
  0.059184  0.000000  -0.000000 25.220176 25.220176  0.000000 -389.585088  0.293270 
  0.061224  0.000000  0.000000 25.259821 25.259821  0.000000 -390.810868  0.291046 
  0.063265  0.000000  0.000000 25.300880 25.300880  0.000000 -392.082403  0.288739 
  0.065306  0.000000  0.000000 25.343378 25.343378  0.000000 -393.400655  0.286348 
  0.067347  0.000000  -0.000000 25.387338 25.387338  0.000000 -394.766634  0.283870 
  0.069388  0.000000  -0.000000 25.432787 25.432787  -0.000000 -396.181315  0.281304 
  0.071429  0.000000  0.000000 25.479742 25.479742  0.000000 -397.645571  0.278647 
  0.073469  0.000000  0.000000 25.528219 25.528219  -0.000000 -399.160099  0.275900 
  0.075510  0.000000  0.000000 25.578223 25.578223  0.000000 -400.725357  0.273061 
  0.077551  0.000000  0.000000 25.629750 25.629750  0.000000 -402.341503  0.270129 
  0.079592  0.000000  -0.000000 25.682785 25.682785  -0.000000 -404.008348  0.267105 
  0.081633  0.000000  0.000000 25.737301 25.737301  0.000000 -405.725314  0.263990 
  0.083673  0.000000  0.000000 25.793257 25.793257  -0.000000 -407.491407  0.260787 
  0.085714  0.000000  -0.000000 25.850598 25.850598  -0.000000 -409.305202  0.257496 
  0.087755  0.000000  0.000000 25.909256 25.909256  0.000000 -411.164838  0.254123 
  0.089796  0.000000  -0.000000 25.969151 25.969151  -0.000000 -413.068027  0.250670 
  0.091837  0.000000  0.000000 26.030189 26.030189  0.000000 -415.012076  0.247144 
  0.093878  0.000000  -0.000000 26.092267 26.092267  0.000000 -416.993917  0.243548 
  0.095918  0.000000  0.000000 26.155271 26.155271  0.000000 -419.010152  0.239891 
  0.097959  0.000000  -0.000000 26.219080 26.219080  0.000000 -421.057093  0.236178 
  0.100000  0.000000  -0.000000 26.283566 26.283566  -0.000000 -423.130825  0.232416 

